0  0.5  0.8  0.1  0.1


0.1  0  0.5  0.5  0.5


0.3  0.5  0.4  0.3  [  0.2  ]


0.3  0.1  0.7  0.8  0.2


0  0  0.2  0.8  0.3


0  0  0  0.5  0.1


0  0  0  0.5  0.1


0  0  0  0.2  0


Suck	0.2
Up	0.2
Suck	0.7
Left	0.7
Suck	1.2
0  0.5  0.8  0.1  0.1


0.1  0  0.5  [  0  ]  0


0.3  0.5  0.4  0.3  0


0.3  0.1  0.7  0.8  0.2


0  0  0.2  0.8  0.3


0  0  0  0.5  0.1


0  0  0  0.5  0.1


0  0  0  0.2  0


Left	1.2
Suck	1.7
Up	1.7
Suck	2.5
Left	2.5
0  [  0.5  ]  0  0.1  0.1


0.1  0  0  0  0


0.3  0.5  0.4  0.3  0


0.3  0.1  0.7  0.8  0.2


0  0  0.2  0.8  0.3


0  0  0  0.5  0.1


0  0  0  0.5  0.1


0  0  0  0.2  0


Suck	3.0
Right	3.0
Right	3.0
Suck	3.1
Right	3.1
0  0  0  0  [  0.1  ]


0.1  0  0  0  0


0.3  0.5  0.4  0.3  0


0.3  0.1  0.7  0.8  0.2


0  0  0.2  0.8  0.3


0  0  0  0.5  0.1


0  0  0  0.5  0.1


0  0  0  0.2  0


Suck	3.2
Left	3.2
Right	3.2
Left	3.2
Down	3.2
0  0  0  0  0


0.1  0  0  [  0  ]  0


0.3  0.5  0.4  0.3  0


0.3  0.1  0.7  0.8  0.2


0  0  0.2  0.8  0.3


0  0  0  0.5  0.1


0  0  0  0.5  0.1


0  0  0  0.2  0


Down	3.2
Suck	3.5
Down	3.5
Suck	4.3
Down	4.3
0  0  0  0  0


0.1  0  0  0  0


0.3  0.5  0.4  0  0


0.3  0.1  0.7  0  0.2


0  0  0.2  [  0.8  ]  0.3


0  0  0  0.5  0.1


0  0  0  0.5  0.1


0  0  0  0.2  0


Suck	5.1
Down	5.1
Suck	5.6
Down	5.6
Suck	6.1
0  0  0  0  0


0.1  0  0  0  0


0.3  0.5  0.4  0  0


0.3  0.1  0.7  0  0.2


0  0  0.2  0  0.3


0  0  0  0  0.1


0  0  0  [  0  ]  0.1


0  0  0  0.2  0


The total performance of the bot in 30 moves is : 6.1
