Suck	0.2
Left	0.2
Suck	0.5
Up	0.5
Suck	1.0
0  0.5  0.8  0.1  0.1


0.1  0  0.5  [  0  ]  0.5


0.3  0.5  0.4  0  0


0.3  0.1  0.7  0.8  0.2


0  0  0.2  0.8  0.3


0  0  0  0.5  0.1


0  0  0  0.5  0.1


0  0  0  0.2  0


Right	1.0
Suck	1.5
Down	1.5
Up	1.5
Up	1.5
0  0.5  0.8  0.1  [  0.1  ]


0.1  0  0.5  0  0


0.3  0.5  0.4  0  0


0.3  0.1  0.7  0.8  0.2


0  0  0.2  0.8  0.3


0  0  0  0.5  0.1


0  0  0  0.5  0.1


0  0  0  0.2  0


Suck	1.6
Left	1.6
Suck	1.7
Right	1.7
Left	1.7
0  0.5  0.8  [  0  ]  0


0.1  0  0.5  0  0


0.3  0.5  0.4  0  0


0.3  0.1  0.7  0.8  0.2


0  0  0.2  0.8  0.3


0  0  0  0.5  0.1


0  0  0  0.5  0.1


0  0  0  0.2  0


Down	1.7
Up	1.7
Down	1.7
Up	1.7
Left	1.7
0  0.5  [  0.8  ]  0  0


0.1  0  0.5  0  0


0.3  0.5  0.4  0  0


0.3  0.1  0.7  0.8  0.2


0  0  0.2  0.8  0.3


0  0  0  0.5  0.1


0  0  0  0.5  0.1


0  0  0  0.2  0


Suck	2.5
Down	2.5
Suck	3.0
Up	3.0
Right	3.0
0  0.5  0  [  0  ]  0


0.1  0  0  0  0


0.3  0.5  0.4  0  0


0.3  0.1  0.7  0.8  0.2


0  0  0.2  0.8  0.3


0  0  0  0.5  0.1


0  0  0  0.5  0.1


0  0  0  0.2  0


Left	3.0
Right	3.0
Right	3.0
Left	3.0
Down	3.0
0  0.5  0  0  0


0.1  0  0  [  0  ]  0


0.3  0.5  0.4  0  0


0.3  0.1  0.7  0.8  0.2


0  0  0.2  0.8  0.3


0  0  0  0.5  0.1


0  0  0  0.5  0.1


0  0  0  0.2  0


The total performance of the bot in 30 moves is : 3.0
