0  0.5  0.8  0.1  0.1


0.1  0  0.5  0.5  0.5


0.3  0.5  0.4  0.3  [  0.2  ]


0.3  0.1  0.7  0.8  0.2


0  0  0.2  0.8  0.3


0  0  0  0.5  0.1


0  0  0  0.5  0.1


0  0  0  0.2  0


Suck	0.2
Up	0.2
Suck	0.7
Left	0.7
Suck	1.2
0  0.5  0.8  0.1  0.1


0.1  0  0.5  [  0  ]  0


0.3  0.5  0.4  0.3  0


0.3  0.1  0.7  0.8  0.2


0  0  0.2  0.8  0.3


0  0  0  0.5  0.1


0  0  0  0.5  0.1


0  0  0  0.2  0


Left	1.2
Suck	1.7
Up	1.7
Suck	2.5
Left	2.5
0  [  0.5  ]  0  0.1  0.1


0.1  0  0  0  0


0.3  0.5  0.4  0.3  0


0.3  0.1  0.7  0.8  0.2


0  0  0.2  0.8  0.3


0  0  0  0.5  0.1


0  0  0  0.5  0.1


0  0  0  0.2  0


Suck	3.0
Down	3.0
Down	3.0
Suck	3.5
Right	3.5
0  0  0  0.1  0.1


0.1  0  0  0  0


0.3  0  [  0.4  ]  0.3  0


0.3  0.1  0.7  0.8  0.2


0  0  0.2  0.8  0.3


0  0  0  0.5  0.1


0  0  0  0.5  0.1


0  0  0  0.2  0


Suck	3.9
Down	3.9
Suck	4.6
Right	4.6
Suck	5.4
0  0  0  0.1  0.1


0.1  0  0  0  0


0.3  0  0  0.3  0


0.3  0.1  0  [  0  ]  0.2


0  0  0.2  0.8  0.3


0  0  0  0.5  0.1


0  0  0  0.5  0.1


0  0  0  0.2  0


Down	5.4
Suck	6.2
Down	6.2
Suck	6.7
Down	6.7
0  0  0  0.1  0.1


0.1  0  0  0  0


0.3  0  0  0.3  0


0.3  0.1  0  0  0.2


0  0  0.2  0  0.3


0  0  0  0  0.1


0  0  0  [  0.5  ]  0.1


0  0  0  0.2  0


Suck	7.2
Up	7.2
Up	7.2
Right	7.2
Suck	7.5
0  0  0  0.1  0.1


0.1  0  0  0  0


0.3  0  0  0.3  0


0.3  0.1  0  0  0.2


0  0  0.2  0  [  0  ]


0  0  0  0  0.1


0  0  0  0  0.1


0  0  0  0.2  0


The total performance of the bot in 30 moves is : 7.5
